table placeholder
